
test/sat/accessibilite.cnf
36
SAT
1 2 3 4 5 6 7 8 9 10 11 12 13 -14 15 0
Runtime = 0
test/sat/ais12.cnf
5668
SAT
-1 -2 -3 -4 -5 -6 -7 -8 -9 -10 11 -12 13 -14 -15 -16 -17 -18 -19 -20 -21 -22 -23 -24 -25 -26 -27 -28 -29 -30 -31 -32 -33 -34 -35 36 -37 -38 39 -40 -41 -42 -43 -44 -45 -46 -47 -48 -49 -50 -51 -52 -53 -54 -55 -56 57 -58 -59 -60 -61 62 -63 -64 -65 -66 -67 -68 -69 -70 -71 -72 -73 -74 -75 -76 -77 -78 -79 -80 -81 82 -83 -84 -85 -86 -87 -88 89 -90 -91 -92 -93 -94 -95 -96 -97 -98 -99 -100 -101 -102 -103 104 -105 -106 -107 -108 -109 -110 -111 112 -113 -114 -115 -116 -117 -118 -119 -120 -121 -122 -123 -124 -125 126 -127 -128 -129 -130 -131 -132 -133 -134 -135 -136 -137 -138 139 -140 -141 -142 -143 -144 -145 -146 -147 -148 -149 -150 -151 -152 -153 154 -155 -156 -157 -158 -159 -160 -161 -162 -163 -164 -165 166 -167 -168 -169 -170 -171 -172 -173 -174 175 -176 -177 -178 -179 -180 -181 -182 183 -184 -185 -186 -187 -188 -189 -190 -191 -192 -193 -194 195 -196 -197 -198 -199 -200 -201 -202 -203 -204 -205 -206 207 -208 -209 -210 -211 -212 -213 -214 215 -216 -217 -218 -219 -220 -221 -222 -223 224 -225 -226 -227 -228 -229 -230 -231 -232 -233 -234 -235 236 -237 -238 -239 -240 -241 -242 -243 -244 245 -246 -247 -248 -249 -250 -251 -252 -253 -254 255 -256 -257 -258 -259 -260 -261 -262 -263 -264 -265 0
Runtime = 24
test/sat/coloriage.cnf
72
SAT
-1 2 -3 4 -5 -6 -7 -8 9 -10 11 -12 13 -14 -15 -16 17 -18 -19 20 -21 0
Runtime = 0
test/sat/dependances.cnf
26
SAT
1 2 -3 4 -5 6 -7 8 -9 0
Runtime = 0
test/sat/exemple-5-8.cnf
12
SAT
1 2 3 -4 -7 0
Runtime = 0
test/sat/exemple-7-2.cnf
6
SAT
-2 -3 0
Runtime = 0
test/sat/exemple-7-8.cnf
7
SAT
1 2 0
Runtime = 0
test/sat/flat50-1000.cnf
557
SAT
-1 -2 3 -4 -5 6 -7 -8 9 -10 -11 12 -13 -14 15 -16 -17 18 -19 -20 21 -22 -23 24 -25 -26 27 -28 -29 30 -31 -32 33 -34 -35 36 -37 -38 39 -40 -41 42 -43 -44 45 -46 -47 48 -49 -50 51 -52 53 -54 -55 56 -57 -58 59 -60 -61 62 -63 -64 65 -66 -67 68 -69 -70 71 -72 -73 74 -75 -76 77 -78 -79 80 -81 -82 83 -84 -85 86 -87 -88 89 -90 -91 92 -93 -94 95 -96 -97 98 -99 -100 101 -102 103 -104 -105 106 -107 -108 109 -110 -111 112 -113 -114 115 -116 -117 -118 119 -120 -121 -122 123 124 -125 -126 127 -128 -129 130 -131 -132 133 -134 -135 136 -137 -138 139 -140 -141 142 -143 -144 145 -146 -147 148 -149 -150 0
Runtime = 0
test/sat/ii8a2.cnf
1676
SAT
1 2 3 4 5 -6 7 9 10 11 -12 -13 14 15 -16 17 18 19 20 21 -22 23 25 26 27 -28 -29 30 31 -32 33 34 35 36 37 -38 39 41 42 43 -44 -45 46 47 -48 49 50 51 52 53 -54 55 57 58 59 -60 -61 62 63 -64 65 66 67 68 69 -70 -71 72 73 74 76 -77 78 79 80 81 82 83 84 85 86 -87 88 89 90 91 92 93 -94 95 96 -97 -98 -99 -100 -101 102 -103 -104 -105 -106 -107 108 -109 -110 -111 -112 -113 114 115 -119 -120 -121 -122 -123 -124 -125 126 -127 -128 -129 -130 131 -132 -133 -134 -135 -136 -137 138 -139 -140 -141 -142 -143 144 -145 -146 -147 -148 -149 150 -151 -152 -153 -154 -155 156 -157 -158 -159 -160 161 -162 -163 -164 -165 -166 -167 168 169 -173 -174 -175 -176 -177 -178 -179 180 0
Runtime = 0
test/sat/peirce.cnf
10
SAT
1 2 -3 -4 -5 -6 0
Runtime = 0
test/sat/sudoku-4x4.cnf
302
SAT
-111 -112 113 -114 -121 -122 -123 124 -131 132 -133 -134 141 -142 -143 -144 -211 212 -213 -214 221 -222 -223 -224 -231 -232 -233 234 -241 -242 243 -244 311 -312 -313 -314 -321 322 -323 -324 -331 -332 333 -334 -341 -342 -343 344 -411 -412 -413 414 -421 -422 423 -424 431 -432 -433 -434 -441 442 -443 -444 0
Runtime = 0
test/sat/sudoku-9x9-easy.cnf
9126
SAT
-111 -112 -113 -114 -115 -116 -117 118 -119 -121 -122 -123 -124 -125 -126 127 -128 -129 131 -132 -133 -134 -135 -136 -137 -138 -139 -141 -142 -143 -144 -145 -146 -147 -148 149 -151 -152 -153 -154 -155 156 -157 -158 -159 -161 162 -163 -164 -165 -166 -167 -168 -169 -171 -172 173 -174 -175 -176 -177 -178 -179 -181 -182 -183 184 -185 -186 -187 -188 -189 -191 -192 -193 -194 195 -196 -197 -198 -199 -211 -212 213 -214 -215 -216 -217 -218 -219 -221 -222 -223 224 -225 -226 -227 -228 -229 -231 -232 -233 -234 -235 -236 -237 -238 239 -241 -242 -243 -244 -245 -246 -247 248 -249 251 -252 -253 -254 -255 -256 -257 -258 -259 -261 -262 -263 -264 265 -266 -267 -268 -269 -271 -272 -273 -274 -275 -276 277 -278 -279 -281 282 -283 -284 -285 -286 -287 -288 -289 -291 -292 -293 -294 -295 296 -297 -298 -299 -311 312 -313 -314 -315 -316 -317 -318 -319 -321 -322 -323 -324 325 -326 -327 -328 -329 -331 -332 -333 -334 -335 336 -337 -338 -339 -341 -342 -343 344 -345 -346 -347 -348 -349 -351 -352 353 -354 -355 -356 -357 -358 -359 -361 -362 -363 -364 -365 -366 367 -368 -369 -371 -372 -373 -374 -375 -376 -377 378 -379 -381 -382 -383 -384 -385 -386 -387 -388 389 391 -392 -393 -394 -395 -396 -397 -398 -399 411 -412 -413 -414 -415 -416 -417 -418 -419 -421 -422 423 -424 -425 -426 -427 -428 -429 -431 432 -433 -434 -435 -436 -437 -438 -439 -441 -442 -443 -444 -445 446 -447 -448 -449 -451 -452 -453 -454 455 -456 -457 -458 -459 -461 -462 -463 -464 -465 -466 -467 468 -469 -471 -472 -473 474 -475 -476 -477 -478 -479 -481 -482 -483 -484 -485 -486 487 -488 -489 -491 -492 -493 -494 -495 -496 -497 -498 499 -511 -512 -513 -514 -515 -516 517 -518 -519 -521 -522 -523 -524 -525 526 -527 -528 -529 -531 -532 -533 534 -535 -536 -537 -538 -539 -541 542 -543 -544 -545 -546 -547 -548 -549 -551 -552 -553 -554 -555 -556 -557 -558 559 561 -562 -563 -564 -565 -566 -567 -568 -569 -571 -572 -573 -574 575 -576 -577 -578 -579 -581 -582 583 -584 -585 -586 -587 -588 -589 -591 -592 -593 -594 -595 -596 -597 598 -599 -611 -612 -613 -614 615 -616 -617 -618 -619 -621 -622 -623 -624 -625 -626 -627 -628 629 -631 -632 -633 -634 -635 -636 -637 638 -639 -641 -642 -643 -644 -645 -646 647 -648 -649 -651 -652 -653 654 -655 -656 -657 -658 -659 -661 -662 663 -664 -665 -666 -667 -668 -669 671 -672 -673 -674 -675 -676 -677 -678 -679 -681 -682 -683 -684 -685 686 -687 -688 -689 -691 692 -693 -694 -695 -696 -697 -698 -699 -711 -712 -713 714 -715 -716 -717 -718 -719 -721 722 -723 -724 -725 -726 -727 -728 -729 -731 -732 -733 -734 -735 -736 737 -738 -739 -741 -742 -743 -744 745 -746 -747 -748 -749 -751 -752 -753 -754 -755 -756 -757 758 -759 -761 -762 -763 -764 -765 766 -767 -768 -769 -771 -772 -773 -774 -775 -776 -777 -778 779 781 -782 -783 -784 -785 -786 -787 -788 -789 -791 -792 793 -794 -795 -796 -797 -798 -799 -811 -812 -813 -814 -815 -816 -817 -818 819 821 -822 -823 -824 -825 -826 -827 -828 -829 -831 -832 -833 -834 835 -836 -837 -838 -839 -841 -842 843 -844 -845 -846 -847 -848 -849 -851 852 -853 -854 -855 -856 -857 -858 -859 -861 -862 -863 864 -865 -866 -867 -868 -869 -871 -872 -873 -874 -875 876 -877 -878 -879 -881 -882 -883 -884 -885 -886 -887 888 -889 -891 -892 -893 -894 -895 -896 897 -898 -899 -911 -912 -913 -914 -915 916 -917 -918 -919 -921 -922 -923 -924 -925 -926 -927 928 -929 -931 -932 933 -934 -935 -936 -937 -938 -939 941 -942 -943 -944 -945 -946 -947 -948 -949 -951 -952 -953 -954 -955 -956 957 -958 -959 -961 -962 -963 -964 -965 -966 -967 -968 969 -971 972 -973 -974 -975 -976 -977 -978 -979 -981 -982 -983 -984 985 -986 -987 -988 -989 -991 -992 -993 994 -995 -996 -997 -998 -999 0
Runtime = 1
test/sat/sudoku-9x9-expert.cnf
9111
SAT
-111 -112 113 -114 -115 -116 -117 -118 -119 -121 122 -123 -124 -125 -126 -127 -128 -129 -131 -132 -133 -134 -135 -136 -137 -138 139 -141 -142 -143 -144 145 -146 -147 -148 -149 151 -152 -153 -154 -155 -156 -157 -158 -159 -161 -162 -163 164 -165 -166 -167 -168 -169 -171 -172 -173 -174 -175 176 -177 -178 -179 -181 -182 -183 -184 -185 -186 -187 188 -189 -191 -192 -193 -194 -195 -196 197 -198 -199 -211 -212 -213 -214 215 -216 -217 -218 -219 -221 -222 -223 -224 -225 -226 -227 228 -229 231 -232 -233 -234 -235 -236 -237 -238 -239 -241 -242 -243 -244 -245 -246 247 -248 -249 -251 -252 253 -254 -255 -256 -257 -258 -259 -261 -262 -263 -264 -265 266 -267 -268 -269 -271 -272 -273 274 -275 -276 -277 -278 -279 -281 -282 -283 -284 -285 -286 -287 -288 289 -291 292 -293 -294 -295 -296 -297 -298 -299 -311 -312 -313 314 -315 -316 -317 -318 -319 -321 -322 -323 -324 -325 -326 327 -328 -329 -331 -332 -333 -334 -335 336 -337 -338 -339 -341 -342 -343 -344 -345 -346 -347 348 -349 -351 352 -353 -354 -355 -356 -357 -358 -359 -361 -362 -363 -364 -365 -366 -367 -368 369 -371 -372 373 -374 -375 -376 -377 -378 -379 -381 -382 -383 -384 385 -386 -387 -388 -389 391 -392 -393 -394 -395 -396 -397 -398 -399 -411 -412 -413 -414 -415 416 -417 -418 -419 -421 -422 -423 -424 425 -426 -427 -428 -429 -431 -432 -433 -434 -435 -436 437 -438 -439 -441 -442 -443 444 -445 -446 -447 -448 -449 -451 -452 -453 -454 -455 -456 -457 458 -459 -461 -462 463 -464 -465 -466 -467 -468 -469 471 -472 -473 -474 -475 -476 -477 -478 -479 -481 482 -483 -484 -485 -486 -487 -488 -489 -491 -492 -493 -494 -495 -496 -497 -498 499 -511 -512 -513 -514 -515 -516 -517 518 -519 -521 -522 523 -524 -525 -526 -527 -528 -529 -531 532 -533 -534 -535 -536 -537 -538 -539 -541 -542 -543 -544 -545 546 -547 -548 -549 -551 -552 -553 -554 -555 -556 -557 -558 559 561 -562 -563 -564 -565 -566 -567 -568 -569 -571 -572 -573 -574 575 -576 -577 -578 -579 -581 -582 -583 -584 -585 -586 587 -588 -589 -591 -592 -593 594 -595 -596 -597 -598 -599 -611 -612 -613 -614 -615 -616 -617 -618 619 621 -622 -623 -624 -625 -626 -627 -628 -629 -631 -632 -633 634 -635 -636 -637 -638 -639 -641 642 -643 -644 -645 -646 -647 -648 -649 -651 -652 -653 -654 655 -656 -657 -658 -659 -661 -662 -663 -664 -665 -666 667 -668 -669 -671 -672 -673 -674 -675 -676 -677 678 -679 -681 -682 -683 -684 -685 686 -687 -688 -689 -691 -692 693 -694 -695 -696 -697 -698 -699 711 -712 -713 -714 -715 -716 -717 -718 -719 -721 -722 -723 -724 -725 726 -727 -728 -729 -731 -732 -733 -734 735 -736 -737 -738 -739 -741 -742 743 -744 -745 -746 -747 -748 -749 -751 -752 -753 -754 -755 -756 757 -758 -759 -761 762 -763 -764 -765 -766 -767 -768 -769 -771 -772 -773 -774 -775 -776 -777 -778 779 -781 -782 -783 784 -785 -786 -787 -788 -789 -791 -792 -793 -794 -795 -796 -797 798 -799 -811 -812 -813 -814 -815 -816 817 -818 -819 -821 -822 -823 824 -825 -826 -827 -828 -829 -831 -832 833 -834 -835 -836 -837 -838 -839 -841 -842 -843 -844 -845 -846 -847 -848 849 -851 -852 -853 -854 -855 856 -857 -858 -859 -861 -862 -863 -864 -865 -866 -867 868 -869 -871 872 -873 -874 -875 -876 -877 -878 -879 881 -882 -883 -884 -885 -886 -887 -888 -889 -891 -892 -893 -894 895 -896 -897 -898 -899 -911 912 -913 -914 -915 -916 -917 -918 -919 -921 -922 -923 -924 -925 -926 -927 -928 929 -931 -932 -933 -934 -935 -936 -937 938 -939 941 -942 -943 -944 -945 -946 -947 -948 -949 -951 -952 -953 954 -955 -956 -957 -958 -959 -961 -962 -963 -964 965 -966 -967 -968 -969 -971 -972 -973 -974 -975 -976 977 -978 -979 -981 -982 983 -984 -985 -986 -987 -988 -989 -991 -992 -993 -994 -995 996 -997 -998 -999 0
Runtime = 2
test/sat/sudoku-9x9-god.cnf
9105
SAT
-111 -112 -113 -114 -115 -116 -117 -118 119 -121 -122 -123 -124 -125 -126 -127 128 -129 -131 -132 -133 -134 -135 -136 137 -138 -139 -141 -142 -143 -144 -145 146 -147 -148 -149 -151 -152 -153 -154 155 -156 -157 -158 -159 -161 -162 -163 164 -165 -166 -167 -168 -169 -171 -172 173 -174 -175 -176 -177 -178 -179 -181 182 -183 -184 -185 -186 -187 -188 -189 191 -192 -193 -194 -195 -196 -197 -198 -199 -211 212 -213 -214 -215 -216 -217 -218 -219 -221 -222 -223 224 -225 -226 -227 -228 -229 -231 -232 -233 -234 -235 236 -237 -238 -239 241 -242 -243 -244 -245 -246 -247 -248 -249 -251 -252 -253 -254 -255 -256 257 -258 -259 -261 -262 263 -264 -265 -266 -267 -268 -269 -271 -272 -273 -274 -275 -276 -277 -278 279 -281 -282 -283 -284 -285 -286 -287 288 -289 -291 -292 -293 -294 295 -296 -297 -298 -299 -311 -312 313 -314 -315 -316 -317 -318 -319 -321 -322 -323 -324 325 -326 -327 -328 -329 331 -332 -333 -334 -335 -336 -337 -338 -339 -341 -342 -343 -344 -345 -346 -347 -348 349 -351 352 -353 -354 -355 -356 -357 -358 -359 -361 -362 -363 -364 -365 -366 -367 368 -369 -371 -372 -373 -374 -375 -376 377 -378 -379 -381 -382 -383 384 -385 -386 -387 -388 -389 -391 -392 -393 -394 -395 396 -397 -398 -399 411 -412 -413 -414 -415 -416 -417 -418 -419 -421 422 -423 -424 -425 -426 -427 -428 -429 -431 -432 -433 -434 -435 -436 -437 438 -439 -441 -442 -443 -444 445 -446 -447 -448 -449 -451 -452 453 -454 -455 -456 -457 -458 -459 -461 -462 -463 -464 -465 -466 467 -468 -469 -471 -472 -473 -474 -475 476 -477 -478 -479 -481 -482 -483 -484 -485 -486 -487 -488 489 -491 -492 -493 494 -495 -496 -497 -498 -499 -511 -512 -513 -514 -515 516 -517 -518 -519 -521 -522 523 -524 -525 -526 -527 -528 -529 -531 -532 -533 534 -535 -536 -537 -538 -539 -541 -542 -543 -544 -545 -546 -547 548 -549 -551 -552 -553 -554 -555 -556 -557 -558 559 -561 562 -563 -564 -565 -566 -567 -568 -569 571 -572 -573 -574 -575 -576 -577 -578 -579 -581 -582 -583 -584 585 -586 -587 -588 -589 -591 -592 -593 -594 -595 -596 597 -598 -599 -611 -612 -613 -614 -615 -616 617 -618 -619 -621 -622 -623 -624 -625 -626 -627 -628 629 -631 -632 -633 -634 635 -636 -637 -638 -639 -641 -642 -643 644 -645 -646 -647 -648 -649 -651 -652 -653 -654 -655 656 -657 -658 -659 661 -662 -663 -664 -665 -666 -667 -668 -669 -671 -672 -673 -674 -675 -676 -677 678 -679 -681 -682 683 -684 -685 -686 -687 -688 -689 -691 692 -693 -694 -695 -696 -697 -698 -699 -711 -712 -713 -714 715 -716 -717 -718 -719 721 -722 -723 -724 -725 -726 -727 -728 -729 -731 -732 -733 -734 -735 -736 -737 -738 739 -741 742 -743 -744 -745 -746 -747 -748 -749 -751 -752 -753 -754 -755 -756 -757 758 -759 -761 -762 -763 -764 -765 766 -767 -768 -769 -771 -772 -773 774 -775 -776 -777 -778 -779 -781 -782 -783 -784 -785 -786 787 -788 -789 -791 -792 793 -794 -795 -796 -797 -798 -799 -811 -812 -813 814 -815 -816 -817 -818 -819 -821 -822 -823 -824 -825 -826 827 -828 -829 -831 832 -833 -834 -835 -836 -837 -838 -839 -841 -842 843 -844 -845 -846 -847 -848 -849 851 -852 -853 -854 -855 -856 -857 -858 -859 -861 -862 -863 -864 -865 -866 -867 -868 869 -871 -872 -873 -874 875 -876 -877 -878 -879 -881 -882 -883 -884 -885 886 -887 -888 -889 -891 -892 -893 -894 -895 -896 -897 898 -899 -911 -912 -913 -914 -915 -916 -917 918 -919 -921 -922 -923 -924 -925 926 -927 -928 -929 -931 -932 933 -934 -935 -936 -937 -938 -939 -941 -942 -943 -944 -945 -946 947 -948 -949 -951 -952 -953 954 -955 -956 -957 -958 -959 -961 -962 -963 -964 965 -966 -967 -968 -969 -971 972 -973 -974 -975 -976 -977 -978 -979 981 -982 -983 -984 -985 -986 -987 -988 -989 -991 -992 -993 -994 -995 -996 -997 -998 999 0
Runtime = 488
test/sat/sudoku-9x9-hard.cnf
9113
SAT
-111 -112 -113 -114 -115 -116 -117 -118 119 121 -122 -123 -124 -125 -126 -127 -128 -129 -131 -132 133 -134 -135 -136 -137 -138 -139 -141 -142 -143 144 -145 -146 -147 -148 -149 -151 152 -153 -154 -155 -156 -157 -158 -159 -161 -162 -163 -164 -165 -166 167 -168 -169 -171 -172 -173 -174 -175 176 -177 -178 -179 -181 -182 -183 -184 -185 -186 -187 188 -189 -191 -192 -193 -194 195 -196 -197 -198 -199 -211 -212 -213 -214 -215 216 -217 -218 -219 -221 -222 -223 -224 -225 -226 -227 228 -229 -231 -232 -233 -234 -235 -236 237 -238 -239 -241 -242 -243 -244 -245 -246 -247 -248 249 251 -252 -253 -254 -255 -256 -257 -258 -259 -261 -262 -263 -264 265 -266 -267 -268 -269 -271 -272 -273 274 -275 -276 -277 -278 -279 -281 282 -283 -284 -285 -286 -287 -288 -289 -291 -292 293 -294 -295 -296 -297 -298 -299 -311 312 -313 -314 -315 -316 -317 -318 -319 -321 -322 -323 -324 325 -326 -327 -328 -329 -331 -332 -333 334 -335 -336 -337 -338 -339 -341 -342 -343 -344 -345 346 -347 -348 -349 -351 -352 -353 -354 -355 -356 -357 358 -359 -361 -362 363 -364 -365 -366 -367 -368 -369 -371 -372 -373 -374 -375 -376 -377 -378 379 -381 -382 -383 -384 -385 -386 387 -388 -389 391 -392 -393 -394 -395 -396 -397 -398 -399 -411 -412 -413 -414 -415 -416 417 -418 -419 -421 422 -423 -424 -425 -426 -427 -428 -429 -431 -432 -433 -434 -435 436 -437 -438 -439 -441 -442 443 -444 -445 -446 -447 -448 -449 -451 -452 -453 454 -455 -456 -457 -458 -459 -461 -462 -463 -464 -465 -466 -467 -468 469 -471 -472 -473 -474 475 -476 -477 -478 -479 481 -482 -483 -484 -485 -486 -487 -488 -489 -491 -492 -493 -494 -495 -496 -497 498 -499 -511 -512 513 -514 -515 -516 -517 -518 -519 -521 -522 -523 524 -525 -526 -527 -528 -529 -531 -532 -533 -534 535 -536 -537 -538 -539 -541 -542 -543 -544 -545 -546 -547 548 -549 -551 -552 -553 -554 -555 -556 557 -558 -559 561 -562 -563 -564 -565 -566 -567 -568 -569 -571 572 -573 -574 -575 -576 -577 -578 -579 -581 -582 -583 -584 -585 586 -587 -588 -589 -591 -592 -593 -594 -595 -596 -597 -598 599 -611 -612 -613 -614 -615 -616 -617 618 -619 -621 -622 -623 -624 -625 -626 -627 -628 629 631 -632 -633 -634 -635 -636 -637 -638 -639 -641 642 -643 -644 -645 -646 -647 -648 -649 -651 -652 -653 -654 655 -656 -657 -658 -659 -661 -662 -663 -664 -665 666 -667 -668 -669 -671 -672 -673 -674 -675 -676 677 -678 -679 -681 -682 683 -684 -685 -686 -687 -688 -689 -691 -692 -693 694 -695 -696 -697 -698 -699 -711 -712 -713 714 -715 -716 -717 -718 -719 -721 -722 -723 -724 -725 -726 727 -728 -729 -731 -732 -733 -734 -735 -736 -737 -738 739 741 -742 -743 -744 -745 -746 -747 -748 -749 -751 -752 753 -754 -755 -756 -757 -758 -759 -761 762 -763 -764 -765 -766 -767 -768 -769 -771 -772 -773 -774 -775 -776 -777 778 -779 -781 -782 -783 -784 785 -786 -787 -788 -789 -791 -792 -793 -794 -795 796 -797 -798 -799 -811 -812 -813 -814 815 -816 -817 -818 -819 -821 -822 823 -824 -825 -826 -827 -828 -829 -831 -832 -833 -834 -835 -836 -837 838 -839 -841 -842 -843 -844 -845 -846 847 -848 -849 -851 -852 -853 -854 -855 856 -857 -858 -859 -861 -862 -863 864 -865 -866 -867 -868 -869 871 -872 -873 -874 -875 -876 -877 -878 -879 -881 -882 -883 -884 -885 -886 -887 -888 889 -891 892 -893 -894 -895 -896 -897 -898 -899 911 -912 -913 -914 -915 -916 -917 -918 -919 -921 -922 -923 -924 -925 926 -927 -928 -929 -931 932 -933 -934 -935 -936 -937 -938 -939 -941 -942 -943 -944 945 -946 -947 -948 -949 -951 -952 -953 -954 -955 -956 -957 -958 959 -961 -962 -963 -964 -965 -966 -967 968 -969 -971 -972 973 -974 -975 -976 -977 -978 -979 -981 -982 -983 984 -985 -986 -987 -988 -989 -991 -992 -993 -994 -995 -996 997 -998 -999 0
Runtime = 1
test/sat/sudoku-9x9-medium.cnf
9118
SAT
-111 -112 113 -114 -115 -116 -117 -118 -119 121 -122 -123 -124 -125 -126 -127 -128 -129 -131 -132 -133 -134 -135 -136 -137 -138 139 -141 -142 -143 -144 145 -146 -147 -148 -149 -151 -152 -153 -154 -155 -156 -157 158 -159 -161 -162 -163 -164 -165 166 -167 -168 -169 -171 -172 -173 174 -175 -176 -177 -178 -179 -181 182 -183 -184 -185 -186 -187 -188 -189 -191 -192 -193 -194 -195 -196 197 -198 -199 -211 -212 -213 -214 -215 -216 217 -218 -219 -221 -222 -223 -224 -225 -226 -227 228 -229 -231 -232 -233 -234 -235 236 -237 -238 -239 -241 -242 243 -244 -245 -246 -247 -248 -249 -251 252 -253 -254 -255 -256 -257 -258 -259 -261 -262 -263 264 -265 -266 -267 -268 -269 -271 -272 -273 -274 -275 -276 -277 -278 279 281 -282 -283 -284 -285 -286 -287 -288 -289 -291 -292 -293 -294 295 -296 -297 -298 -299 -311 -312 -313 314 -315 -316 -317 -318 -319 -321 -322 -323 -324 325 -326 -327 -328 -329 -331 332 -333 -334 -335 -336 -337 -338 -339 341 -342 -343 -344 -345 -346 -347 -348 -349 -351 -352 -353 -354 -355 -356 357 -358 -359 -361 -362 -363 -364 -365 -366 -367 -368 369 -371 -372 -373 -374 -375 376 -377 -378 -379 -381 -382 -383 -384 -385 -386 -387 388 -389 -391 -392 393 -394 -395 -396 -397 -398 -399 -411 -412 -413 -414 -415 -416 -417 -418 419 -421 -422 -423 -424 -425 -426 427 -428 -429 -431 -432 -433 434 -435 -436 -437 -438 -439 -441 -442 -443 -444 -445 446 -447 -448 -449 -451 -452 -453 -454 455 -456 -457 -458 -459 -461 -462 -463 -464 -465 -466 -467 468 -469 471 -472 -473 -474 -475 -476 -477 -478 -479 -481 -482 483 -484 -485 -486 -487 -488 -489 -491 492 -493 -494 -495 -496 -497 -498 -499 -511 512 -513 -514 -515 -516 -517 -518 -519 -521 -522 -523 -524 -525 526 -527 -528 -529 531 -532 -533 -534 -535 -536 -537 -538 -539 -541 -542 -543 -544 -545 -546 547 -548 -549 -551 -552 -553 554 -555 -556 -557 -558 -559 -561 -562 563 -564 -565 -566 -567 -568 -569 -571 -572 -573 -574 575 -576 -577 -578 -579 -581 -582 -583 -584 -585 -586 -587 -588 589 -591 -592 -593 -594 -595 -596 -597 598 -599 -611 -612 -613 -614 -615 -616 -617 618 -619 -621 -622 623 -624 -625 -626 -627 -628 -629 -631 -632 -633 -634 635 -636 -637 -638 -639 -641 642 -643 -644 -645 -646 -647 -648 -649 -651 -652 -653 -654 -655 -656 -657 -658 659 661 -662 -663 -664 -665 -666 -667 -668 -669 -671 -672 -673 -674 -675 -676 677 -678 -679 -681 -682 -683 -684 -685 686 -687 -688 -689 -691 -692 -693 694 -695 -696 -697 -698 -699 -711 -712 -713 -714 715 -716 -717 -718 -719 -721 -722 -723 724 -725 -726 -727 -728 -729 -731 -732 733 -734 -735 -736 -737 -738 -739 -741 -742 -743 -744 -745 -746 -747 -748 749 -751 -752 -753 -754 -755 756 -757 -758 -759 -761 762 -763 -764 -765 -766 -767 -768 -769 -771 -772 -773 -774 -775 -776 -777 778 -779 -781 -782 -783 -784 -785 -786 787 -788 -789 791 -792 -793 -794 -795 -796 -797 -798 -799 -811 -812 -813 -814 -815 816 -817 -818 -819 -821 822 -823 -824 -825 -826 -827 -828 -829 -831 -832 -833 -834 -835 -836 837 -838 -839 -841 -842 -843 -844 -845 -846 -847 848 -849 851 -852 -853 -854 -855 -856 -857 -858 -859 -861 -862 -863 -864 865 -866 -867 -868 -869 -871 -872 873 -874 -875 -876 -877 -878 -879 -881 -882 -883 884 -885 -886 -887 -888 -889 -891 -892 -893 -894 -895 -896 -897 -898 899 911 -912 -913 -914 -915 -916 -917 -918 -919 -921 -922 -923 -924 -925 -926 -927 -928 929 -931 -932 -933 -934 -935 -936 -937 938 -939 -941 -942 -943 944 -945 -946 -947 -948 -949 -951 -952 953 -954 -955 -956 -957 -958 -959 -961 -962 -963 -964 -965 -966 967 -968 -969 -971 972 -973 -974 -975 -976 -977 -978 -979 -981 -982 -983 -984 985 -986 -987 -988 -989 -991 -992 -993 -994 -995 996 -997 -998 -999 0
Runtime = 0
test/sat/tictactoe.cnf
16838
SAT
-1 -2 -4 6 8 -10 12 -15 16 20 22 -23 -28 30 33 34 35 39 43 45 46 47 -49 51 53 56 58 59 64 65 67 69 71 77 -82 84 87 88 89 93 97 99 100 -101 103 105 107 111 115 117 126 127 129 132 133 134 136 137 139 141 143 145 147 150 151 152 155 157 158 -164 -166 -167 -172 -173 -175 -177 -179 -185 -190 -191 -193 195 197 -199 201 -204 -205 -206 209 -211 -212 221 227 229 230 -244 246 249 250 251 255 259 261 262 263 -265 267 269 273 277 279 288 289 291 294 295 296 298 -299 -301 303 305 307 309 312 313 314 317 319 -320 327 331 333 342 343 345 348 349 350 360 372 376 379 381 -384 385 386 -390 394 396 397 -398 400 402 404 -406 -407 -409 411 413 -415 417 -420 421 -422 425 -427 -428 -433 435 -438 439 -440 -444 -448 450 451 -452 -454 456 458 461 463 464 469 470 472 474 476 482 488 490 491 496 497 499 501 503 509 514 515 517 519 521 523 525 -528 529 530 533 535 536 545 551 553 554 568 569 571 573 575 577 579 582 583 584 587 589 590 -595 597 600 601 602 606 610 612 613 -614 -616 618 620 623 625 626 631 632 634 636 638 644 653 659 661 662 677 679 680 685 686 688 -690 692 698 -730 732 735 736 737 741 745 747 748 749 -751 753 755 -759 763 765 774 775 777 780 781 782 784 787 789 791 793 795 798 799 800 803 805 813 817 819 828 -829 831 834 835 836 846 -858 -864 865 867 870 871 872 876 880 883 884 886 888 890 -892 -893 -895 897 899 -901 903 -906 -907 -908 911 913 -914 -919 -921 -924 925 926 -930 -934 936 937 938 -940 -942 -947 -949 -950 955 -956 -958 960 962 -968 975 979 981 990 991 993 996 997 998 1008 -1020 -1026 1027 1029 1032 1033 1034 1038 1042 1044 1045 -1046 -1048 1050 1052 1062 -1074 -1080 1110 1114 1116 1125 -1126 1128 -1131 1132 -1133 -1135 1137 -1140 1141 -1142 1146 -1150 1152 1153 1154 -1156 1158 1160 -1164 -1168 1170 -1179 1180 1182 -1185 1186 1187 1189 -1190 -1192 1194 1196 -1198 1200 1203 1204 -1205 1208 1210 -1211 1216 1217 1219 1221 1223 1225 1227 1230 1231 1232 1235 1237 1238 1243 1245 -1248 1249 1250 1254 1258 1260 1261 1262 1264 1266 1271 1273 1274 1279 1284 1286 1292 1297 1299 1302 1303 1304 1308 1312 1315 1316 1318 1320 1322 1326 1330 1332 1341 -1342 1344 -1347 1348 1349 1351 1352 1354 1356 1358 1360 1365 1367 1370 1372 1373 1379 1381 -1382 1387 -1388 -1390 1392 1394 1400 1405 1406 1408 1410 1414 1416 -1419 1420 1421 1426 1427 -1436 -1442 -1444 1460 1462 1463 1468 1469 1471 1473 1475 1481 1486 -1487 -1489 1491 1493 -1495 1497 1500 1501 1505 1507 1517 1523 1525 1526 1540 -1541 1543 1545 1547 -1549 1551 -1554 1555 1556 1559 1561 1562 1567 1569 1572 1573 1574 1578 1582 1584 1585 1586 1588 1590 1592 1595 1597 1598 1603 1604 -1608 1610 1616 1625 1631 1633 1634 -1649 1651 -1652 1657 -1658 1660 1662 -1664 -1670 1702 1703 1705 1707 1709 1711 1713 -1716 1717 1718 1721 1723 -1729 1731 1734 1735 1736 1740 1744 1746 1747 1752 1754 1757 1759 1760 1765 1766 -1770 1772 1778 1783 1785 -1788 1789 1790 -1794 1798 1800 1801 1802 1804 1806 1808 1812 1816 1827 1828 1833 1835 1837 -1838 -1840 -1842 1844 -1846 -1848 1852 1853 1856 1858 1859 1865 1867 1873 1874 1876 1878 1880 -1886 -1891 -1892 -1894 1896 1898 -1900 1902 -1905 1906 -1907 -1910 -1912 1922 1928 1930 1931 1949 1955 1957 1958 1973 1975 1976 1981 1982 1984 1986 1988 1994 2027 2029 2030 2035 2036 2038 2040 2042 2048 2053 -2054 2056 2058 2060 -2062 2064 -2067 2068 -2069 2072 2074 -2075 2084 2090 2092 2093 2138 2144 2146 2147 -2188 2190 2193 2194 -2195 2199 -2203 2205 2206 2207 2209 2211 2213 2217 -2221 2223 2232 2233 2235 2238 2239 2240 2242 2243 2245 2247 2249 2251 2253 2256 2257 2258 2261 2263 2264 2271 -2275 2277 2286 2287 2289 2292 2293 -2294 -2304 -2316 -2320 -2322 2323 2325 2328 2329 2330 2334 2338 2340 2341 2342 2344 2348 -2351 -2353 2355 2357 -2359 2361 -2364 2365 -2366 2369 2371 -2372 -2377 2379 -2382 2383 2384 -2388 -2392 2394 2395 2396 -2398 2400 2402 2405 2407 -2408 2413 -2414 -2416 2418 2420 2426 2433 -2437 2439 2448 2449 2451 2454 2455 2456 2466 -2478 -2484 2485 2487 2490 2491 2492 2496 2500 2502 2503 -2504 2506 2508 2510 -2520 -2532 -2536 -2538 -2568 2572 2574 -2583 2584 2586 2589 2590 -2591 -2593 2595 -2598 2599 2600 2604 2608 2610 2611 -2612 -2614 2616 2618 -2622 2626 2628 -2637 -2638 2640 -2643 2644 -2645 2647 -2648 2650 2652 2654 2656 2658 -2661 2662 -2663 2666 2668 -2669 2674 2675 2677 2679 2681 2683 2685 2688 2689 2690 2693 2695 2696 2701 2703 2706 2707 2708 2712 2716 2718 2719 2720 2722 2724 2726 2729 2731 2737 2742 2744 2750 2755 2757 2760 2761 2762 2766 2770 2772 2773 2774 2776 2780 2784 2788 2790 -2799 -2800 2802 2805 2806 -2807 2809 2810 2812 2816 2818 2820 2823 2824 2825 2828 2831 2837 2839 -2840 -2845 -2846 -2848 2850 2852 2858 2863 2864 2866 2868 2870 -2872 2874 -2877 2878 -2879 2882 2884 -2885 -2894 -2900 -2902 2919 -2923 2925 2934 2935 2937 2940 2941 2942 2952 -2964 -2970 2971 2973 2976 2977 2978 2982 2986 2988 2989 2990 2992 2994 2996 -3006 -3018 -3022 -3024 3054 3058 3060 3069 3070 3072 3075 3076 3077 -3079 3081 -3084 3085 3086 3090 -3094 3096 3097 3098 -3100 3102 3104 -3108 3112 3114 3123 3124 3126 -3129 3130 3131 3133 -3134 -3136 3138 3140 -3142 3144 3147 3148 -3149 3152 3154 -3155 3168 -3180 -3186 3216 3220 3222 3231 3232 3234 3237 3238 3239 3303 -3315 -3319 -3321 3324 3328 3330 3339 3340 3342 -3345 3346 3347 -3357 -3369 -3373 -3375 3376 3378 -3381 3382 3383 3387 3391 3393 3394 -3395 -3397 3399 3401 3403 3405 3408 3409 3410 3414 3418 3420 3421 3422 3424 3426 3428 -3432 3436 3438 3447 3448 3450 -3453 3454 3455 3457 3458 3462 3464 3468 3471 3472 3473 3476 3478 3479 3486 3490 3492 3501 3502 3504 3507 3508 3509 -3519 -3531 -3537 3538 3540 3543 3544 3545 3549 3553 3556 3557 3559 3563 3565 -3566 -3568 3570 3572 -3574 3576 3579 3580 -3581 3584 3586 3587 3592 3594 -3597 3598 3599 -3603 3607 3609 3610 3611 -3613 3615 -3620 -3622 -3628 -3635 3646 3647 3649 3651 3653 3655 3657 -3660 3661 -3662 3665 3667 -3673 3675 3678 3679 -3680 3684 -3688 3690 3691 3692 3696 3698 3701 3703 3704 3709 3710 -3714 3716 3722 3727 3729 3732 3733 -3734 -3738 -3742 3744 3745 3746 3748 3752 3756 3760 3762 -3771 3772 3774 3777 3778 3779 3781 3782 3784 3788 -3792 3796 -3797 3800 3803 3809 3811 -3812 3817 3818 3820 3822 3824 -3830 -3835 -3836 -3838 3840 3842 -3844 3846 -3849 3850 -3851 -3854 -3856 3866 3872 3874 3875 -3889 3891 -3894 3895 -3896 -3900 -3904 3906 3907 3912 3914 3918 3922 3924 3933 3936 3939 3940 3943 3944 -3948 3950 -3954 3958 3959 3962 3964 3965 -3972 3976 3978 -3987 3988 3990 3993 3994 3995 4005 4017 4021 -4024 -4026 4030 -4031 -4039 -4041 4042 4043 4045 4049 -4051 -4052 -4054 4056 4058 -4060 4062 -4065 4066 -4067 -4070 -4072 -4078 4080 -4083 4084 -4085 -4089 -4093 4095 -4096 -4103 4106 4108 -4109 4114 4115 -4117 -4119 4121 -4127 4133 4135 4136 4141 4142 4144 4146 4148 4154 4159 -4160 4162 4164 4166 -4168 4170 -4173 4174 -4175 4178 4180 -4181 4190 4196 4198 4199 4213 4214 4216 4220 4222 4224 4227 4228 -4229 4232 4235 4240 4242 4245 4246 -4247 -4251 -4255 -4257 4258 -4259 4261 4265 4268 4271 4276 4277 4279 4283 4298 4304 4306 4307 4322 4324 -4325 -4330 -4331 -4333 -4335 -4337 -4343 4376 4378 4379 4384 4385 4387 4389 4391 4397 4402 4403 4405 4407 4409 4411 4413 -4416 4417 4418 4421 4423 4424 4433 4439 4441 4442 4456 4457 -4459 4461 4463 4465 4467 4470 4471 4472 4475 4477 -4478 4483 4485 4488 4489 4490 4494 4498 4500 4501 4502 4504 4506 4508 4511 4513 4514 4519 4520 4522 4524 4526 4532 4541 4547 4549 4550 4565 4567 4568 4573 -4574 4576 4578 -4580 4586 4618 4619 4621 4623 4625 4627 4629 -4632 4633 4634 4637 4639 -4640 4645 4647 -4650 4651 4656 4662 4663 4664 -4666 4668 4670 4673 4675 4676 4681 4682 4684 4686 4688 4694 4699 4701 -4704 4705 4706 4710 4714 4716 4717 4718 -4720 4722 4724 4728 4732 4743 4744 4749 4751 4753 4754 4756 -4758 4760 4762 4764 -4767 4768 4769 4772 -4774 -4775 4781 4783 4784 4789 -4790 4792 4794 -4796 4802 4807 -4808 -4810 -4812 -4814 -4816 4818 -4821 -4822 4826 -4828 -4829 4838 4844 4846 4847 4865 4871 4873 4874 4889 4891 4892 4897 4898 4900 4902 4904 4910 4943 4945 4946 4951 4952 4954 4956 4958 4964 4969 4970 4972 4974 4976 4978 4980 -4983 4984 4985 4988 4990 -4991 5000 5006 5008 5009 5054 5060 5062 5063 5104 5105 5107 5109 5111 5113 5115 5118 5119 5123 5125 5126 5131 5133 -5136 5137 5138 5142 5148 5149 5150 5152 5159 5161 5162 5167 5168 5170 5172 5174 5180 5185 5187 5190 5191 5192 5196 5200 5203 5204 -5206 5208 5210 5214 5218 5220 5229 5230 5232 -5235 5236 5237 5239 5240 5242 5244 5246 5248 5253 5255 5258 5260 -5261 5267 5269 5270 5275 -5276 5278 5280 -5282 5288 5293 5294 5296 -5298 -5302 5304 -5307 -5308 5314 5315 5324 5330 5332 5333 5349 5352 5353 5358 5364 5365 5366 -5368 5370 5372 5376 5382 5391 5392 5394 -5397 5398 5399 5401 5402 5404 5406 5408 5410 5412 5415 5416 5420 5422 -5423 5430 5434 5436 5445 5446 5448 -5451 5452 5453 5463 5475 5479 5482 5484 -5487 5488 5489 5493 5497 5500 -5501 -5503 -5505 5507 -5509 -5510 -5512 5514 -5516 -5518 5520 -5523 -5524 5528 -5530 -5531 -5536 5538 -5541 -5542 5554 5555 -5557 -5559 5564 5566 -5567 5572 -5573 5575 5577 -5579 -5585 5591 5593 5594 5599 5600 5602 5604 5606 5612 5617 5618 5620 5622 5626 5628 -5631 5632 5633 5638 5639 5648 5654 5656 5657 5671 5672 5674 5676 5678 5680 5685 5687 5690 5692 -5693 5698 5700 -5703 5704 5705 5709 5713 5716 5717 -5719 -5721 5726 5728 5729 5735 5737 5747 5756 5762 5764 5765 5782 5783 5788 5789 -5793 5837 5843 5845 5846 5861 5863 5864 5869 5870 5872 5874 5876 5882 5915 5917 -5918 5923 5924 -5926 5928 5930 5936 5941 5942 -5944 5946 5948 5950 5952 -5955 5956 5957 5960 5962 -5963 5972 5978 5980 5981 6026 6032 6034 6035 6077 6079 6080 6085 6086 6088 6090 6092 6098 6103 6104 6106 6108 6110 6112 6114 -6117 6118 6122 6124 -6125 6134 6140 6142 6143 6157 6158 -6160 6162 6164 6166 6168 -6171 6172 6173 6176 6178 -6179 6184 6189 6191 6195 6199 6203 6205 6212 6214 -6215 6220 6221 -6223 -6225 6227 6233 6242 6248 6250 6251 6266 6268 -6269 6274 -6275 -6277 6279 -6281 -6287 6350 6356 6358 6359 6404 6410 6412 6413 6428 6430 -6431 6436 -6437 -6439 -6441 6443 6449 -6562 6564 6567 6568 6569 6573 6577 6579 6580 6581 6583 6585 6587 6591 6595 6597 6606 6607 6609 6612 6613 6614 6616 6617 6619 6621 6623 6625 6627 6630 6631 6632 6635 6637 6638 6645 6649 6651 6660 6661 6663 6666 6667 6668 6678 -6690 -6696 6697 6699 6702 6703 6704 6708 6712 6714 6715 6716 6718 6720 -6724 -6725 -6727 6729 6731 -6733 6735 -6738 6739 -6740 6743 6745 -6746 -6751 6753 -6756 6757 -6758 -6762 -6766 6768 6769 6770 -6772 -6774 6776 -6779 -6781 -6782 6787 -6788 -6790 6792 6794 6800 6807 6811 6813 6822 -6823 6825 6828 6829 6830 6840 -6852 -6858 6859 6861 6864 6865 6866 6870 6874 6877 6878 6880 6882 6884 6894 -6912 6942 6946 6948 6957 6958 6960 -6963 6964 6965 -6967 6969 -6972 6973 -6974 6978 6982 -6985 -6986 -6988 -6990 6992 -6996 -7000 7002 7011 -7012 -7014 -7017 7018 -7019 7021 -7022 -7024 7026 7028 7030 7035 7037 -7040 -7042 -7043 7048 7049 7051 7053 7055 7059 7063 7064 7067 7069 7070 7075 7077 7080 7081 7082 7086 7090 7092 7093 7094 7096 7098 7100 7103 7105 7111 7116 7118 7124 7129 7131 7134 7135 7136 7140 7144 7146 7147 7148 7150 7152 7158 7162 7164 -7173 7174 7176 -7179 7180 7181 7183 7184 7186 7188 7192 7194 7197 7198 7199 7204 7205 7211 7213 -7214 -7219 -7220 -7222 -7224 7226 7232 7237 7238 7240 7242 7244 -7246 -7248 -7251 7252 -7253 7256 7258 7259 -7268 -7274 -7276 7293 7297 7299 7308 7309 7311 7314 7315 7316 7326 -7338 -7344 7345 7347 7350 7351 7352 7356 7360 7362 7363 7364 7366 7368 7370 7380 7392 7396 7428 7432 7434 7443 7444 7446 7449 7450 7451 -7453 7455 7458 7459 -7460 7464 -7468 7470 7471 7472 7474 7476 7478 -7482 -7486 7488 7497 7498 7500 -7503 7504 7505 7507 -7508 -7510 7512 7514 7516 7518 7521 7522 7523 7526 7528 -7529 7542 7554 7558 7590 7594 7596 7605 7606 7608 7611 7612 7613 7677 7689 7693 7698 7702 7704 7713 -7714 7716 -7719 7720 7721 7731 -7743 7747 7750 7752 7755 7756 7757 7761 7765 7768 -7769 -7771 7773 7775 7777 7779 7782 7783 7784 7788 7792 7794 7795 7796 7798 7800 7802 7806 7810 7812 7821 7822 7824 7827 7828 7829 7831 7836 7838 7840 7842 7845 7846 7847 7850 7852 7853 7860 7864 7866 7875 7876 7878 7881 7882 7883 7893 7905 7909 7912 7914 7917 7918 7919 7923 7927 7930 7931 7933 7935 7939 -7940 -7942 7944 7946 -7948 7950 -7953 7954 7955 7958 7960 7961 7966 7968 7971 7972 7973 -7977 -7981 7983 7984 7985 7987 7989 -7994 -7996 -8002 8020 8021 8023 8025 8027 8029 8031 8034 8035 8036 8039 8041 8049 8052 8053 8054 8058 8062 8064 8065 8066 8070 8072 8075 8077 8078 8083 8084 8086 8090 8096 8101 8103 -8106 8107 8108 -8112 8116 8118 8119 8120 8122 8124 8130 8134 8136 8146 8148 8151 8152 8153 8155 8156 -8160 -8166 8170 8171 8176 8177 8183 8185 8191 8192 8194 8196 8198 -8204 -8209 -8210 -8212 8214 8216 -8218 8220 8223 8224 -8225 -8228 -8230 8240 8246 8248 8249 8263 8265 8268 8269 8270 8274 8278 8281 8286 8288 8292 8296 8298 8307 8310 8313 8314 8315 8317 8318 8320 8324 8326 8333 8336 8338 -8339 8346 8350 8352 8361 8362 8364 8367 8368 8369 8379 8391 8395 8398 8404 8405 8413 8416 8417 8419 8425 8430 8432 8434 8439 8441 -8444 -8446 -8452 8454 8457 8458 8459 8463 8467 -8470 8480 8482 8489 8491 -8501 8507 8509 8510 8515 8516 8518 8520 8522 8528 8533 8534 8536 8538 8540 -8547 8548 -8549 8552 8554 8555 8564 8570 8572 8573 8587 8588 8590 8592 8596 8598 -8601 8602 8603 8608 8609 8614 8616 -8619 8620 8621 -8625 -8629 -8631 8632 8633 8635 8637 8644 8645 8650 8651 8653 8672 8678 8680 8681 8696 8698 -8699 -8704 -8705 -8707 -8709 -8711 -8717 8751 8755 8757 8766 8767 8769 8772 8773 8774 8784 -8796 -8802 8803 8805 8808 8809 8810 8814 8818 8820 8821 8822 8824 8826 8828 8838 8850 8854 8886 8890 8892 8901 8902 8904 8907 8908 8909 -8911 8913 8916 8917 8918 8922 8926 8928 8929 8930 -8932 8934 8936 8940 8944 8946 8955 8956 8958 -8961 8962 8963 8965 -8966 -8968 8970 8972 8974 8976 8979 8980 8981 8984 8986 8987 9000 9012 9016 9048 9052 9054 9063 9064 9066 9069 9070 9071 9135 9147 9151 9156 9160 9162 9171 -9172 9174 -9177 9178 9179 9189 -9201 9205 9208 9210 9213 9214 9215 9219 9223 9226 -9227 -9229 9231 9233 9235 9237 9240 9241 9242 9246 9250 9252 9253 9254 9256 9258 9260 9264 9268 9270 9279 9280 9282 9285 9286 9287 9289 9294 9296 9298 9300 9303 9304 9305 9308 9310 9311 9318 9322 9324 9333 9334 9336 9339 9340 9341 9351 9363 9367 9370 9372 9375 9376 9377 9381 9385 9387 9388 9389 9391 9397 -9398 -9400 9402 9404 -9406 9408 -9411 9412 9413 9416 9418 9419 9424 9426 9429 9430 9431 -9435 9439 9441 9442 9443 9445 9447 9449 -9452 -9454 9486 9498 9502 9534 9538 9549 9550 9555 9557 9621 9633 9637 9642 9646 9657 9658 9663 9665 9675 9687 9691 9694 9699 9701 9705 9709 9713 9715 9783 9795 9799 9891 9903 9907 9939 9943 9954 9955 9960 9962 9966 9970 9981 9982 9987 9989 9999 10011 10015 10018 10023 10025 10029 10033 10037 10039 10053 10065 10069 10101 10105 10116 10117 10122 10124 10126 10131 10133 10137 10141 10145 10147 10155 10159 10170 10171 10176 10178 -10207 10209 10213 10214 10222 10224 10225 10226 10230 10232 10236 -10242 -10251 10252 10254 -10257 10258 -10259 10261 10262 -10266 10268 -10272 10276 10277 10280 10282 10283 -10296 -10305 10306 10308 10311 10312 10313 -10323 10335 10339 -10344 10348 10349 10357 10360 10361 10363 -10369 -10370 -10372 10374 10376 -10378 10380 10384 10385 -10388 -10390 -10396 -10401 10402 -10403 -10407 -10411 10413 -10414 -10419 -10421 10424 10426 10432 10433 10435 10439 10456 10458 10467 10470 10474 -10485 -10497 -10501 -10503 -10506 10510 10511 10519 10522 -10525 10529 -10539 -10557 -10593 -10605 10609 10610 -10612 10614 10618 -10619 10623 10627 -10630 -10635 -10637 -10641 10645 10647 10656 -10659 10666 -10667 10673 10675 10682 -10685 -10687 10693 10694 10696 10698 10700 10704 -10707 10708 10712 10714 10715 10720 -10725 -10727 -10731 -10735 -10737 10738 10739 10741 10743 10745 10748 10750 10756 10763 10769 10774 10776 10779 10780 10781 -10791 10792 10793 10795 -10803 -10807 -10809 -10818 10819 10821 10824 10825 10826 10828 10829 10831 10837 10843 10844 10850 10856 10858 -10859 -10864 -10865 -10867 -10869 -10871 -10883 -10885 -10887 -10889 -10891 -10893 -10896 -10897 -10898 -10913 -10919 -10921 10936 10937 10939 10941 10943 10945 10947 10950 10951 10955 10957 10958 10963 10965 10968 10969 10974 10980 10981 10982 10984 10988 10991 10993 10994 10999 11000 11002 11004 11006 11012 11017 11019 11022 11023 11024 11028 11032 11034 11035 11036 11038 11040 11046 11050 11052 11061 11062 11064 -11067 11068 11069 11071 11072 11074 11076 11080 11082 11085 11086 11087 11092 11093 11099 11101 11102 11107 -11108 11110 11112 -11114 11120 -11126 -11128 -11132 -11134 11136 -11139 -11140 11144 -11146 -11147 11156 11162 11164 11165 11179 11181 11184 11185 11190 11194 11197 11198 11200 11204 11208 11214 11223 11224 11226 -11229 11230 11233 11234 11236 11238 11240 11242 11247 11249 11252 -11255 11262 11266 11268 11277 11278 11280 -11283 11284 11285 11295 11307 11311 11314 11316 -11319 11320 11321 11325 11329 11332 11333 -11335 -11337 11341 -11342 11344 11346 -11348 11350 11355 11360 -11363 -11368 11370 -11373 -11374 11379 11386 -11389 -11391 -11393 11396 11398 11405 11407 -11417 11423 11425 11426 11431 11432 11434 11438 11444 11449 11450 11452 11454 11456 11458 11460 -11463 11464 11468 11470 11471 11480 11486 11488 11489 11503 11504 11506 11508 11512 11514 -11517 11518 11519 11524 11525 11530 11532 -11535 11536 11537 -11541 11545 11547 11548 11549 -11553 11560 11561 11566 11567 11569 11571 11588 11594 11596 11597 11612 11614 11615 -11621 -11623 -11625 -11627 11633 11667 11670 11671 11676 11682 11683 11684 11686 11688 11690 11700 11710 11712 -11715 11716 11717 11719 11720 11722 11724 11726 11728 11730 11733 11734 11735 11738 11740 -11741 11748 11752 11754 11763 11764 11766 -11769 11770 11771 11781 -11793 11797 11800 11802 11805 11806 11807 11811 11815 11818 11819 11821 -11827 -11828 -11830 -11834 -11836 11838 -11841 -11842 11846 -11848 -11849 -11854 -11856 -11859 -11860 -11865 -11871 11872 11873 -11875 -11877 11882 11884 -11885 11890 11891 11893 11895 -11903 11910 11914 11916 11925 11928 -11931 11932 11943 -11955 11962 11964 11967 11968 11969 11973 11977 -11981 -11983 11987 11997 -12015 12049 12051 12060 -12061 -12063 -12066 12067 12068 -12070 12072 -12075 12081 -12088 -12089 -12091 -12093 -12095 -12099 -12115 -12117 -12120 -12121 12124 -12127 12129 12133 12138 -12143 -12145 -12146 12151 12152 12154 12156 12158 12160 12162 -12165 12166 12167 12170 12172 12173 12178 -12183 12184 12185 -12189 12195 12196 12197 12199 12206 12208 12209 12214 12215 12217 12219 12221 12227 12232 12234 -12237 12238 12239 12243 12247 12250 12251 -12255 -12261 12265 12267 12276 -12279 -12282 12283 12284 12286 12287 12289 12291 12295 12300 12302 12307 12308 12314 12316 -12317 -12323 -12325 -12327 12335 12340 12341 -12345 -12349 -12351 -12354 -12355 12361 12362 -12371 -12377 12395 12397 12398 12403 12404 12406 12408 12410 12416 12421 12422 12424 12426 12428 12430 12432 12436 12440 12442 12452 12458 12460 12461 12475 12476 12478 12480 12484 12486 -12489 12490 12491 12496 12497 12502 12504 -12507 12508 12509 12517 12519 12520 12521 12523 12525 12532 12533 12538 12539 12541 12560 12566 12568 12569 12584 12586 -12587 12592 -12593 12595 12597 -12599 -12605 12637 12638 12640 12642 12644 12646 12651 12653 12656 12658 12659 12664 12666 12669 12670 12671 12675 12679 12682 12683 12685 12687 12689 12692 12694 12695 12701 12703 12713 12718 12720 12723 12724 12725 12729 12733 12736 12737 12739 12741 12747 12751 12762 12763 12768 12770 12772 12773 12775 12781 12788 12793 12794 12800 12802 12803 12809 12811 12826 12827 12829 12831 12835 12840 12857 12866 12884 12890 12892 12893 12908 12910 12911 12916 12917 -12921 12923 12929 12964 12965 12970 12971 -12975 12988 12989 -12993 -12999 -13002 13003 13004 13009 13010 13027 13028 13073 13079 13081 13082 13124 13126 13127 13132 13133 13135 13137 13139 13145 13150 13151 13153 13155 13157 13159 13161 13165 13166 13169 -13171 -13172 13181 13187 13189 13190 -13204 -13205 -13207 13209 13211 -13213 13215 13218 13219 13220 -13223 13225 -13226 -13231 13233 13236 13237 13238 13242 13246 13248 13249 -13250 -13252 13254 13256 13259 13261 13262 13267 13268 13270 13272 13274 13280 13289 13295 13297 13298 13313 13315 13316 13321 13322 -13326 13328 13334 13366 -13367 -13369 13371 13373 -13375 13377 13381 13385 13387 13388 -13393 13395 13399 13400 13408 13410 13411 13412 -13414 13416 13418 -13421 -13423 -13424 13429 -13430 -13432 -13434 -13436 -13442 -13447 13449 13452 13453 13454 13458 13462 13464 13465 -13466 13468 13470 13472 13476 13480 13491 13492 13497 13499 -13501 -13502 -13504 13506 13508 -13510 13512 -13515 13516 -13517 -13520 13522 -13523 -13529 -13531 -13532 -13537 -13538 -13540 -13542 -13544 -13550 -13555 -13556 -13558 -13560 13562 -13564 -13566 13570 -13571 13574 -13576 -13577 13586 13592 13594 13595 13613 13619 13621 13622 13637 13639 13645 13646 13648 13650 13652 -13658 13691 13693 13699 13700 13702 13704 13706 -13712 -13717 -13718 -13720 13722 13724 -13726 13728 13731 13732 13733 -13736 -13738 13748 13754 13756 13757 13802 13808 13810 13811 13852 13853 13855 13857 13859 13861 13863 13867 13868 13871 -13873 -13874 13879 13881 13885 13886 13894 13896 13897 13898 -13900 13902 13907 13909 13910 13915 13916 13918 13920 13922 13928 -13933 13935 13938 13939 13940 13944 13948 -13951 -13952 -13954 13956 13958 13962 13966 13968 13977 -13978 13980 -13983 13984 13985 13987 13988 13990 13992 13994 13996 14001 14003 14006 14008 -14009 14015 14017 14018 14023 14024 -14028 14030 14036 14041 14042 -14046 -14052 14056 14057 14062 14063 14072 14078 14080 14081 -14095 14097 14101 14102 14106 14110 14112 14113 14114 -14116 14118 14120 14128 14130 14140 14142 -14145 14146 14147 14149 -14150 -14152 14154 14156 14158 14160 -14163 14164 -14165 -14168 -14170 -14171 14178 14182 14184 14193 -14194 14196 14199 14200 14201 14211 14223 14227 -14230 14232 14235 14236 -14237 14241 14245 -14248 -14249 -14251 14253 -14255 -14257 -14258 -14260 -14262 14264 -14266 -14268 14272 -14273 14276 -14278 -14279 -14284 -14286 14290 14291 -14299 -14301 14302 14303 -14305 -14307 -14312 -14314 -14315 -14320 -14321 -14323 -14325 -14327 -14333 14339 14341 14347 14348 14350 14352 14354 -14360 14365 14366 -14370 14374 14376 -14379 14380 14381 -14386 14396 14402 14404 14405 14419 14424 14426 14428 14433 14435 -14438 -14440 -14446 14448 -14451 14452 14453 14457 14461 -14464 -14469 14474 14476 14477 14483 14485 14504 14510 14512 14513 14530 14531 14536 14537 -14541 14585 14591 14593 14594 14609 -14611 -14612 -14617 -14618 -14620 14622 14624 14630 -14663 14665 -14666 -14671 -14672 -14674 14676 14678 14684 14689 -14690 -14692 14694 14696 -14698 14700 14704 14705 14708 14710 14720 14726 14728 14729 14774 14780 14782 14783 14825 14827 -14828 14833 -14834 -14836 14838 14840 14846 14851 -14852 -14854 14856 14858 -14860 14862 -14865 14866 14867 14870 14872 14882 14888 14890 14891 14905 -14906 -14908 14910 14912 -14914 14916 14920 14921 14924 14926 -14927 14932 14937 14939 14943 14947 14951 14953 -14960 14962 -14963 -14968 -14969 -14971 -14973 -14975 14981 14990 14996 14998 14999 -15014 15016 -15017 -15022 -15023 -15025 -15027 -15035 15098 15104 15106 15107 15152 15158 15160 15161 -15176 15178 -15179 -15184 -15185 -15187 15189 -15191 -15197 -15310 -15311 -15313 15315 -15317 -15319 15321 -15325 -15326 15329 15331 -15332 -15337 15339 -15343 -15344 -15352 15354 15355 -15356 -15358 15360 15362 15365 15367 15368 15373 15376 15378 -15380 15386 -15391 15393 15396 -15397 -15398 15402 -15406 15408 15409 -15410 15412 -15416 15420 -15424 15426 15435 -15436 15438 15441 15442 -15443 15445 15446 15448 15452 15454 15456 15459 15460 -15461 15464 15467 -15473 -15475 -15476 -15481 -15482 -15484 -15486 -15488 -15494 -15499 -15500 -15502 -15504 15506 -15508 -15510 -15514 -15515 15518 15520 -15521 15530 15536 15538 15539 -15553 15555 -15559 -15560 15564 -15568 15570 15571 -15572 15574 15576 15578 -15586 15588 15598 15600 15604 15605 15607 -15608 -15610 15612 15614 15616 15618 -15621 15622 -15623 -15626 15628 -15629 15636 -15640 15642 15651 15652 15654 15657 15658 -15659 15669 15681 15685 -15688 15690 15693 -15694 -15695 -15699 -15703 15705 15706 -15707 15709 -15713 -15715 -15716 -15718 -15720 15722 -15724 -15726 15730 -15731 15734 -15737 -15742 -15744 -15748 -15749 -15757 -15759 15760 -15763 -15765 15767 -15770 -15772 -15773 15778 -15779 -15781 -15783 -15785 -15791 15797 15799 15805 15806 15808 15810 15812 -15818 15823 15828 15830 15832 15834 15838 -15842 -15844 15854 15860 15862 15863 15877 15880 15884 15886 15888 15891 15892 -15893 -15896 -15904 15906 15909 -15910 -15911 15915 -15919 15921 -15922 -15929 15932 15935 15940 15941 15943 15947 15962 15968 15970 15971 15986 15988 15994 15995 -15999 16001 -16007 -16039 16041 -16045 -16046 16050 -16054 16056 16057 -16060 16062 16064 -16072 -16074 -16083 -16089 16090 16091 16093 16096 16098 -16100 16102 16104 16107 16108 -16109 16112 16114 16122 -16126 16128 16137 -16138 16140 16143 -16144 -16145 -16155 -16167 -16171 -16173 16174 16176 16179 16180 -16181 16185 16189 16192 16195 -16199 -16201 -16202 -16204 -16206 16208 -16210 -16216 -16217 16220 -16222 -16223 -16228 -16230 16234 16235 -16243 -16245 16246 16247 -16249 -16251 -16256 16258 -16259 16264 -16265 -16271 -16277 16284 -16288 -16290 -16299 -16305 -16306 -16307 -16317 -16329 -16333 -16335 16336 16338 -16343 16347 -16351 16353 -16355 -16357 16359 -16361 -16371 -16383 -16387 -16389 16419 -16423 16425 16434 -16435 16437 16440 -16441 -16442 -16444 -16451 -16459 -16461 -16463 -16465 -16467 16469 -16477 -16479 -16489 -16491 16495 16496 -16498 -16499 -16501 -16503 -16505 -16507 -16513 -16514 -16517 -16519 -16520 16525 16530 16532 16536 16539 16540 16541 -16544 -16546 -16554 -16557 16558 16559 -16563 16567 16569 -16570 -16575 16580 16582 16583 16588 16589 16593 16595 16608 16611 16612 16617 16621 -16624 -16631 -16635 -16639 16641 16650 -16653 -16657 16660 16661 16663 16667 16669 16674 16676 16688 16690 -16696 -16697 -16699 16703 16714 16715 -16719 -16723 -16725 16729 16730 -16735 -16745 -16751 -16753 16769 16771 16772 16777 16780 16782 -16784 16790 16795 -16798 16800 -16802 -16804 16806 -16810 -16811 16814 16816 -16817 16826 16832 16834 16835 16849 -16850 16852 -16856 -16858 16860 16863 -16864 -16865 16868 16871 16876 16878 16881 16882 -16883 16887 -16891 16893 16894 -16895 16897 16901 16904 16907 16912 16915 -16919 16934 16940 16942 16943 -16958 -16960 -16961 -16966 -16967 -16969 -16971 -16973 -16979 17011 17014 17016 -17018 17022 -17026 -17027 17030 17032 17033 17038 17040 17044 -17045 -17053 17055 17056 17059 17061 17063 17066 17068 17069 17074 -17079 -17081 17087 17092 17094 17097 17098 -17099 -17107 17109 17110 17111 17113 17117 17121 17125 17136 17137 17142 17144 17146 -17147 17149 -17153 -17155 -17157 -17161 -17162 17165 17168 17174 -17177 -17182 -17183 -17185 -17187 -17189 -17195 -17201 -17203 -17205 -17207 -17209 -17211 -17215 -17216 -17219 17231 17237 17239 17240 17258 17264 17266 17267 -17282 17284 -17285 17290 -17291 17293 17295 -17297 -17303 17336 17339 17344 17347 -17351 17362 -17363 17365 -17369 -17371 17373 17376 -17377 -17378 -17381 17399 17402 17447 17453 17455 17456 17501 17507 17509 17510 17525 17527 17533 -17538 17540 17546 17579 -17581 -17582 17587 -17590 17592 17594 -17600 17605 -17608 17610 17612 17616 -17619 17620 17621 17624 17626 -17627 17636 17642 17644 17645 17690 17696 17698 17699 17741 17743 17749 -17754 17756 -17762 17767 17772 17774 17778 -17781 17782 17786 17788 -17789 17798 17804 17806 17807 17821 -17824 17826 17828 17832 -17835 17836 17837 17840 17842 -17843 17848 17853 17855 17859 17863 17867 17869 -17876 -17878 -17879 17884 -17885 -17887 17889 17891 -17897 17906 17912 17914 17915 17930 -17932 -17933 17938 -17941 -17943 -17945 17951 18014 18020 18022 18023 18068 18074 18076 18077 18092 18094 18100 18105 18107 -18113 18227 18229 18230 18235 18236 18238 18240 18242 18248 18253 18254 18256 18258 18262 18264 -18267 18268 18269 18274 18275 18284 18290 18292 18293 18307 18308 -18310 18312 18314 18316 18321 18323 18326 -18328 -18329 18334 18336 18339 18340 18341 18345 18349 18352 18353 -18355 18357 18362 18364 18371 18373 -18383 18392 18398 18400 18401 18418 18419 18424 18425 -18429 18469 18470 18472 18474 18476 18478 18480 -18483 18484 18488 18490 -18491 18496 18498 18502 18503 18511 18513 18514 18515 18517 18519 18524 18526 18532 18533 18535 18537 18539 -18545 18550 18552 18555 18556 18557 18561 18565 18568 -18571 18573 18575 18579 18583 18594 18595 18600 18602 18604 -18605 -18607 18609 18611 18613 18618 18620 -18623 -18625 -18626 18632 18634 18635 -18641 -18643 -18645 -18647 18653 18658 18659 -18661 -18663 -18667 -18669 18679 18680 18689 18695 18697 18698 18716 18722 18724 18725 18742 18743 18748 18749 18751 18753 18794 18796 18803 18805 -18815 18820 18821 18825 18829 18834 18836 -18841 18851 18860 18913 18914 -18986 -18992 -18994 -19040 -19046 -19048 -19064 -19066 -19072 -19077 -19085 -19202 -19208 -19210 -19226 -19228 -19234 -19239 -19247 -19280 -19282 -19288 -19293 -19301 -19337 -19343 -19345 -19391 -19397 -19399 -19553 -19559 -19561 0
Runtime = 137
